----This log gives the Server Vitals of 172.20.160.132 Machine---- 

 Time,NetworkThroughput,NetworkUtil,%Procidle,ProcQueue,FreeMemory,PagesperSec,PageFaults,%DskIdle,DskThrpt,DskQLngth 

16:26:29,0,0.00, 56,1,114424,0,3695, 100,0,0.0
16:26:31,3.98,0.00, 58,0,113168,0,4183, 100,0,0.0
16:26:31,0.28,0.00, 42,0,113168,0,5475, 100,0,0.0
16:26:34,0.17,0.00, 64,0,113308,0,3151, 100,1,0.0
16:26:36,0.06,0.00, 58,0,113192,0,3861, 100,0,0.0
16:26:36,0.12,0.00, 44,0,113192,0,5543, 100,0,0.0
16:26:39,0.47,0.00, 60,1,113456,0,3853, 100,0,0.0
16:26:41,0.12,0.00, 57,0,113200,0,4264, 100,3,0.0
16:26:42,0,0.00, 48,0,111200,0,5465, 100,3,0.0
16:26:45,0.12,0.00, 62,0,114232,4,3444, 100,5,0.0
16:26:46,0.17,0.00, 54,0,112168,0,4356, 100,0,0.0
16:26:47,0.23,0.00, 32,6,111652,8,5535, 100,0,0.0
16:26:50,0.06,0.00, 61,0,113228,0,3430, 100,0,0.0
16:26:51,0.06,0.00, 59,0,111748,0,4049, 100,0,0.0
16:26:52,0.26,0.00, 35,6,112180,0,5371, 100,0,0.0
16:26:55,0.06,0.00, 61,0,112856,0,3743, 100,0,0.0
16:26:57,0.06,0.00, 59,3,113092,0,3802, 100,0,0.0
16:26:57,0,0.00, 47,3,113092,0,5476, 100,0,0.0
16:27:00,0.18,0.00, 60,0,112744,0,3649, 100,3,0.0
16:27:02,0,0.00, 46,4,112992,0,3447, 100,0,0.0
16:27:02,0.06,0.00, 28,4,112992,0,5539, 100,0,0.0
16:27:05,0.17,0.00, 55,0,113276,0,3466, 100,0,0.0
16:27:07,0.17,0.00, 60,0,113160,0,3827, 100,0,0.0
16:27:07,0.18,0.00, 45,0,113160,0,5472, 100,0,0.0
16:27:10,1.27,0.00, 40,0,113348,0,3499, 100,16,0.0
16:27:12,1.12,0.00, 59,2,113260,4,3860, 100,0,0.0
16:27:13,0.31,0.00, 49,0,110672,8,5201, 100,6,0.0
16:27:16,0.18,0.00, 59,0,114224,0,3766, 100,5,0.0
16:27:17,0.29,0.00, 57,2,112256,0,3857, 100,0,0.0
16:27:18,0.24,0.00, 49,0,111208,8,5208, 100,3,0.0
16:27:21,0.06,0.00, 53,0,114300,0,3759, 100,0,0.0
16:27:22,0.12,0.00, 81,5,112484,0,2764, 100,0,0.0
16:27:23,0.09,0.00, 61,0,112672,0,4771, 100,0,0.0
16:27:26,0.17,0.00, 39,6,113420,0,3728, 100,0,0.0
16:27:28,0,0.00, 61,0,112668,0,3942, 100,0,0.0
16:27:28,0.12,0.00, 58,0,112668,0,4222, 100,0,0.0
16:27:32,0,0.00, 62,0,114212,0,3605, 100,0,0.0
16:27:33,0.12,0.00, 61,0,111680,0,3912, 100,0,0.0
16:27:34,0.06,0.00, 59,0,110676,0,4222, 100,0,0.0
16:27:37,0.35,0.00, 63,0,114228,0,3552, 100,0,0.0
16:27:38,0.15,0.00, 62,0,112164,0,3934, 100,0,0.0
16:27:39,0.06,0.00, 59,0,110676,0,4222, 100,0,0.0
16:27:42,0.06,0.00, 61,0,114224,4,3679, 100,2,0.0
16:27:43,0.06,0.00, 63,0,112160,0,3044, 100,0,0.0
16:27:44,0.06,0.00, 65,14,114852,0,3273, 100,0,0.0
16:27:47,0.12,0.00, 43,0,112744,0,3708, 100,0,0.0
16:27:49,0.12,0.00, 58,0,113160,0,4175, 100,0,0.0
16:27:49,0.06,0.00, 51,0,113160,0,4844, 100,0,0.0
16:27:53,0.15,0.00, 60,0,114232,0,3850, 100,0,0.0
16:27:54,0.07,0.00, 64,0,112168,0,3802, 100,0,0.0
16:27:55,0.06,0.00, 52,0,110680,0,4851, 100,0,0.0
16:27:58,0.37,0.00, 62,0,112216,0,3837, 100,0,0.0
16:27:59,0.06,0.00, 59,0,112184,0,3965, 100,0,0.0
16:28:00,0.06,0.00, 51,4,111612,0,4850, 100,1,0.0
16:28:03,0.06,0.00, 61,3,111492,0,3771, 100,0,0.0
16:28:04,0.29,0.00, 58,2,113152,0,3987, 99,29,0.0
16:28:05,0.74,0.00, 51,0,112368,0,4816, 100,0,0.0
16:28:08,0.12,0.00, 62,0,112744,0,3833, 100,15,0.0
16:28:10,0,0.00, 61,0,112680,0,3998, 100,0,0.0
16:28:10,0.06,0.00, 49,0,112680,0,4901, 100,4,0.0
16:28:13,0.37,0.00, 62,0,112732,4,3814, 100,0,0.0
16:28:15,0.12,0.00, 61,0,112680,0,3964, 100,0,0.0
16:28:15,0.06,0.00, 53,0,112680,0,4890, 100,0,0.0
16:28:18,0.06,0.00, 63,3,113092,0,3763, 100,0,0.0
16:28:20,0.29,0.00, 61,0,113160,0,3964, 100,0,0.0
16:28:20,0.57,0.00, 53,0,113160,0,4805, 100,0,0.0
16:28:24,0,0.00, 65,0,114232,0,3243, 100,0,0.0
16:28:25,0.26,0.00, 59,0,112168,0,3925, 100,0,0.0
16:28:26,0.35,0.00, 52,0,110680,0,4900, 100,0,0.0
16:28:29,0.57,0.00, 58,0,114248,0,3453, 100,0,0.0
16:28:30,0.06,0.00, 60,1,113856,0,3963, 100,2,0.0
16:28:31,0.06,0.00, 52,3,112656,0,4895, 100,0,0.0
16:28:34,0.35,0.00, 60,0,112740,0,3690, 100,5,0.0
16:28:35,0.06,0.00, 62,0,113736,0,4044, 100,6,0.0
